10 18 2 5 11
5 22 15 8 20
25 7 6 29 18
13 24 23 5 21
8 10 24 28 11
26 0 12 5 25
12 7 5 20 25
20 19 25 24 7
9 4 19 25 24
15 1 25 10 9
13 20 8 12 16
19 22 18 7 15
10 7 15 3 25
14 28 11 23 5
5 0 15 6 16
8 18 14 3 9
22 19 4 10 24
18 19 13 25 24
21 14 19 4 7
26 3 15 10 21
15 16 10 2 12
19 13 0 17 16
1 5 6 4 9
2 26 3 22 21
11 20 5 9 2
15 1 29 16 3
19 4 18 15 8
18 19 5 17 26
11 18 25 28 3
18 28 4 26 25
0 18 23 1 16
13 4 12 0 27
1 13 29 10 12
11 29 8 13 14
20 2 4 9 29
20 15 23 27 19
19 14 26 21 5
4 24 23 9 2
16 6 19 27 10
6 20 1 21 8
15 19 11 7 28
3 6 8 18 12
4 5 7 29 27
27 1 9 17 5
22 0 7 20 16
21 12 16 7 5
17 20 7 2 5
18 10 15 23 2
18 12 24 28 8
27 15 4 10 28
2 7 12 25 9
5 17 24 26 18
25 3 27 17 15
21 3 16 0 27
5 16 29 4 26
10 22 5 11 4
15 7 13 4 22
15 20 23 8 18
8 18 26 22 25
10 16 3 25 23
6 3 17 2 24
2 29 11 20 21
27 14 20 6 10
28 0 19 23 25
11 19 21 15 27
25 6 2 16 28
20 4 5 22 18
23 2 19 7 15
3 14 19 29 15
14 7 2 5 16
1 29 21 11 23
27 7 0 22 12
1 7 0 22 9
17 12 13 26 16
14 16 21 15 9
13 29 14 3 5
14 18 27 12 26
22 8 25 27 20
10 6 27 3 11
7 10 26 22 13
27 11 14 25 26
8 27 20 28 21
9 16 18 17 8
1 10 23 17 27
17 12 27 7 2
18 25 27 13 4
3 17 16 20 23
11 24 0 27 29
12 5 25 14 3
1 15 27 13 14
19 0 24 23 13
28 21 12 14 25
10 24 4 2 22
17 14 7 9 8
26 23 6 9 0
2 18 13 24 0
11 6 10 22 16
8 29 18 16 4
3 23 5 10 16
28 7 3 11 13
15 5 9 12 18
4 23 24 7 2
24 14 6 7 10
19 26 2 23 18
4 29 11 7 19
17 1 4 10 23
13 22 17 29 1
17 7 12 3 4
20 29 10 25 27
12 20 29 13 17
8 28 11 25 29
23 25 27 20 12
11 15 28 9 10
16 24 14 27 28
3 6 2 24 15
11 12 8 27 17
26 9 2 0 29
29 19 27 25 0
0 3 29 22 7
28 15 9 4 29
27 15 12 21 3
10 5 8 3 2
24 2 26 23 3
27 8 17 10 24
1 20 6 24 22
21 12 19 16 1
29 10 12 26 22
20 21 29 27 4
1 20 16 21 27
18 27 25 9 3
6 0 3 16 7
28 9 1 3 19
9 17 29 13 12
12 2 9 6 3
4 24 23 3 26
16 28 24 3 9
13 9 1 25 3
18 17 25 27 11
25 22 2 13 1
12 19 3 26 2
7 11 2 29 1
13 14 24 19 11
14 20 11 23 10
29 10 2 1 16
7 10 8 26 0
8 28 23 26 16
29 21 17 25 4
28 27 26 12 5
6 12 28 17 1
6 8 7 11 1
29 8 19 20 16
13 11 20 4 28
22 15 17 23 7
0 22 13 2 29
4 17 26 21 6
3 22 16 0 5
27 23 26 8 18
23 7 16 10 11
4 20 0 3 18
12 27 18 20 16
24 11 13 3 12
15 17 20 2 21
19 9 24 29 12
24 10 0 7 25
19 28 23 6 7
15 1 11 17 16
0 26 21 6 3
25 23 11 16 12
11 25 18 9 8
25 26 4 12 2
4 13 7 28 14
24 18 6 26 10
29 6 3 15 20
21 29 23 6 1
8 9 21 15 23
0 19 29 24 11
29 7 1 12 15
19 9 10 24 21
18 15 16 8 23
19 28 4 6 21
15 5 24 1 18
14 11 6 12 0
28 21 0 20 26
8 14 24 29 11
17 20 25 29 10
26 18 27 15 22
6 11 19 14 13
26 23 8 27 10
29 20 12 24 10
17 6 20 10 23
21 16 2 27 18
4 18 23 11 9
5 15 10 6 21
23 3 9 29 1
8 16 10 21 28
18 19 17 5 6
4 11 3 7 15
14 18 10 25 23
28 23 0 27 22
23 10 11 2 18
22 19 7 17 27
25 17 1 23 6
4 12 3 10 27
24 1 26 7 25
15 20 16 19 0
3 19 16 21 8
9 5 21 20 12
19 4 11 20 13
17 22 13 23 26
15 0 17 4 18
19 0 24 1 9
24 1 21 18 17
3 18 26 28 6
14 6 18 13 21
9 14 10 15 19
0 15 10 17 14
3 6 1 15 0
10 13 28 7 15
25 10 22 8 2
26 10 22 28 6
6 24 8 29 21
12 24 18 10 0
26 22 8 28 11
19 20 6 3 16
8 25 13 18 12
23 16 8 2 25
26 1 8 12 19
5 29 10 12 19
19 16 5 28 22
25 13 14 27 21
0 18 12 6 14
24 2 16 14 11
20 9 25 22 17
6 22 10 26 2
23 26 14 15 24
14 12 8 5 21
10 21 27 19 25
0 12 14 13 22
12 25 23 4 24
7 6 25 20 1
25 12 13 18 20
7 10 24 23 22
28 0 2 4 21
19 21 29 10 15
7 21 0 11 16
11 0 8 3 5
0 28 15 8 14
26 27 23 29 28
29 14 26 28 5
4 7 26 16 17
27 14 24 23 20
3 13 7 4 1
13 3 19 2 17
19 1 22 17 8
18 28 7 20 13
20 2 1 3 11
25 27 24 29 11
22 20 26 0 4
12 21 27 8 2
8 12 11 20 0
20 13 0 18 12
5 9 27 22 12
9 10 23 28 7
21 14 16 23 15
9 22 14 6 25
24 2 8 6 23
16 5 11 29 15
3 10 7 1 12
19 15 29 6 14
18 4 9 21 13
1 7 24 22 8
5 7 24 21 17
27 9 21 0 22
10 25 24 27 9
5 26 14 12 23
29 8 18 3 19
29 28 25 5 13
29 14 22 19 23
15 4 3 1 5
17 10 13 19 12
2 29 16 14 6
2 25 8 22 21
20 1 24 6 25
3 28 22 4 16
24 10 25 13 11
21 5 11 9 10
26 23 18 9 5
21 29 15 9 1
11 19 14 8 18
23 6 13 29 27
14 23 2 7 18
11 4 7 26 29
18 7 21 1 17
25 13 29 9 3
29 11 6 13 1
26 10 28 27 7
24 27 23 1 15
8 18 3 23 14
3 29 16 9 26
5 3 25 16 6
14 13 10 3 6
9 27 19 10 23
7 8 25 16 10
2 28 16 25 21
9 27 14 28 16
26 9 28 25 0
14 27 1 29 26
24 7 20 25 29
26 22 11 8 13
25 19 20 29 8
8 4 16 1 5
24 16 15 8 11
19 18 28 12 11
14 7 23 15 25
14 11 29 13 15
17 5 18 4 3
19 20 22 2 29
24 4 19 12 22
4 13 10 0 22
20 4 8 0 3
26 17 11 22 3
4 14 28 20 11
21 24 7 19 26
15 2 13 22 25
3 20 9 19 17
15 18 29 5 8
4 1 27 26 24
17 4 7 16 22
16 11 23 17 1
12 0 5 17 29
2 18 1 9 3
2 4 19 15 28
2 28 25 13 23
0 7 17 5 14
6 14 0 13 12
24 6 1 5 20
9 0 25 20 16
29 9 21 12 11
21 3 25 15 27
24 8 5 4 17
2 16 9 28 20
3 19 22 13 2
28 18 29 25 8
21 11 3 15 19
6 26 16 4 5
19 21 15 4 22
29 8 0 4 21
17 7 27 14 25
10 15 28 26 0
3 11 1 21 25
13 1 25 6 3
26 25 29 15 13
4 27 3 8 28
24 26 27 18 1
5 9 23 17 28
21 17 14 4 22
1 18 15 22 8
14 24 20 2 1
20 27 4 0 8
16 21 29 18 0
20 22 13 21 14
16 17 25 10 4
9 0 23 10 16
18 13 24 19 6
28 0 24 23 21
9 17 18 7 11
7 2 17 25 14
17 3 11 29 5
28 10 24 18 27
20 21 11 13 23
28 4 21 13 25
24 12 28 20 22
5 16 23 11 3
8 17 29 0 18
3 21 23 9 18
28 21 18 5 0
25 7 14 24 15
4 27 22 5 18
21 0 18 2 19
15 8 13 9 23
20 2 21 24 10
20 3 19 11 6
0 3 18 14 29
15 26 16 9 4
14 3 27 26 7
12 29 10 1 24
20 1 26 23 19
0 2 1 15 24
15 5 3 24 29
12 2 8 11 20
18 20 19 29 4
22 19 4 1 10
28 26 3 17 20
10 28 9 16 11
15 13 26 14 22
20 19 25 7 5
26 1 13 28 3
26 8 16 13 12
1 22 15 6 17
24 26 5 10 28
3 26 25 16 21
27 8 13 18 5
26 6 9 3 7
18 9 10 14 8
27 24 7 23 25
3 23 16 29 18
7 18 13 2 29
11 21 15 28 27
5 12 20 1 17
21 28 9 22 15
4 12 27 26 10
20 15 16 13 28
19 24 20 27 28
26 2 8 17 19
18 11 9 0 1
23 15 24 9 2
28 27 16 4 15
12 5 29 3 15
21 24 17 2 9
22 5 18 24 12
25 1 26 29 20
13 5 22 6 18
5 10 6 28 12
17 4 6 29 7
7 15 25 1 17
6 3 2 13 11
24 7 22 27 2
1 8 27 7 25
22 12 7 10 13
9 10 19 0 6
7 17 2 8 11
6 2 26 0 24
23 27 12 13 28
17 29 23 22 7
21 13 14 28 22
8 23 17 14 0
17 7 24 13 15
17 4 15 8 21
27 21 28 0 1
21 8 16 22 24
14 9 4 15 5
28 1 29 13 10
0 12 2 14 28
12 23 21 7 26
14 0 11 15 2
28 27 29 3 20
1 24 10 28 25
8 13 20 25 18
6 7 17 8 12
6 10 15 19 8
16 2 3 20 7
18 20 1 0 5
15 14 5 10 7
0 2 23 17 21
6 4 24 20 10
19 3 16 21 7
23 3 12 26 4
25 12 14 19 22
3 21 18 4 23
16 17 14 27 6
9 25 28 24 3
27 5 7 10 22
4 19 18 12 0
10 6 21 27 0
6 14 15 18 23
20 25 13 2 15
8 29 7 4 24
14 1 21 3 0
13 23 11 26 29
19 11 8 29 15
18 17 11 10 13
22 24 13 1 2
24 7 4 10 29
25 6 20 7 18
24 22 12 3 17
19 0 18 2 15
28 25 15 18 13
24 22 20 7 3
28 2 10 29 3
6 28 12 15 0
9 0 28 24 6
1 16 2 8 25
28 9 25 20 1
24 18 9 26 7
22 3 14 24 6
7 18 20 25 27
3 28 11 14 10
17 22 26 15 20
19 28 0 24 26
23 2 0 11 15
13 10 1 6 26
1 15 8 22 4
16 9 0 10 26
22 15 10 27 16
18 14 17 25 11
22 28 25 5 14
21 6 7 29 19
13 6 24 27 17
7 8 19 24 2
28 18 11 10 16
16 11 1 28 14
12 2 24 11 5
14 16 3 8 7
22 24 6 8 9
24 4 6 15 25
17 24 3 0 26
25 6 19 18 13
10 23 18 12 28
2 7 18 15 1
27 23 14 22 20
29 24 19 12 8
24 27 3 6 28
15 14 2 11 17
10 11 20 13 22
28 4 3 26 14
9 26 6 2 3
28 13 8 27 5
0 9 4 19 25
17 25 0 12 22
27 2 12 26 21
2 23 6 12 14
9 29 3 8 25
5 15 0 17 14
7 25 14 21 6
2 16 24 15 3
6 12 22 26 5
3 4 7 29 1
19 12 8 13 1
11 10 20 29 14
2 28 7 11 3
25 3 21 0 8
16 18 21 11 9
27 25 10 6 9
4 28 10 17 13
2 11 25 23 14
10 18 27 3 19
13 7 29 4 8
8 7 16 4 26
3 15 12 5 9
14 16 25 5 15
27 13 7 10 11
12 8 29 17 24
9 15 23 18 11
27 22 24 28 12
20 26 6 1 17
13 6 28 20 0
7 6 1 22 13
26 20 1 28 9
28 23 6 16 10
6 9 26 17 11
0 23 3 13 1
8 0 21 18 20
13 6 18 25 2
15 22 5 23 17
22 4 20 14 10
11 7 16 19 10
9 17 6 10 20
16 26 12 4 17
14 5 24 28 13
4 29 26 1 15
4 17 29 20 2
15 19 29 3 13
3 4 26 14 21
28 10 20 18 25
13 25 9 4 21
11 24 19 10 4
3 15 1 25 24
2 21 13 9 20
23 13 19 25 27
25 22 8 10 24
4 26 24 10 25
23 10 18 20 29
11 16 12 3 0
26 4 0 25 15
21 28 6 13 26
23 26 21 28 13
13 24 4 2 18
3 1 25 13 4
2 24 6 5 4
11 0 20 26 19
15 5 9 12 0
1 17 6 4 3
9 11 8 25 29
27 14 7 9 28
21 11 18 8 0
29 10 8 4 12
26 4 20 11 23
14 20 5 7 10
0 9 2 24 29
5 23 10 12 8
20 25 7 21 9
18 12 2 19 10
1 2 17 15 20
1 11 10 4 28
28 10 29 18 17
0 2 20 17 18
0 9 3 1 6
12 29 22 28 25
13 10 22 21 7
3 19 18 0 14
29 6 22 8 25
14 24 27 13 21
18 0 5 9 12
25 12 28 29 24
16 0 26 21 14
19 28 23 17 11
27 21 10 12 11
17 10 8 5 25
10 27 2 7 22
23 16 14 0 27
7 25 18 2 4
20 23 28 26 11
19 10 22 4 27
9 16 18 19 22
12 29 10 15 25
11 17 26 21 22
15 28 7 25 3
27 17 24 23 29
13 18 0 5 1
28 27 1 14 13
22 26 14 21 19
20 7 28 23 24
29 2 16 14 21
6 16 7 19 11
13 7 28 21 27
27 2 8 13 19
24 16 6 0 21
24 18 25 1 21
29 17 9 12 7
14 10 24 9 19
16 12 9 13 3
14 28 0 27 11
9 13 29 24 14
5 21 26 16 22
3 13 4 15 27
22 28 20 10 16
18 9 26 3 14
15 9 24 20 5
1 10 27 29 18
12 16 15 2 1
11 9 14 10 17
22 2 11 20 26
16 15 4 17 29
28 10 19 3 20
1 6 28 21 9
20 19 26 13 18
17 6 3 12 24
17 16 25 11 29
11 0 1 2 25
19 14 10 24 17
18 5 26 9 4
6 20 28 2 13
29 13 24 6 9
3 20 2 21 25
19 16 17 0 7
19 5 9 1 10
8 26 11 6 4
7 22 28 23 5
3 0 12 25 15
24 28 21 27 29
24 20 26 27 15
7 27 14 22 19
25 22 16 11 1
20 4 17 16 25
28 15 9 19 20
25 13 22 0 2
13 28 29 15 24
24 7 2 5 17
5 25 21 26 12
5 24 14 13 6
20 15 19 1 27
2 16 21 29 12
16 2 7 3 27
7 19 16 5 0
23 22 20 15 21
13 5 15 28 3
3 2 27 13 15
18 7 17 0 4
23 4 7 21 2
22 23 27 10 4
13 11 5 1 12
6 22 14 16 27
12 9 2 26 19
13 17 11 21 5
28 23 0 6 24
28 23 0 16 20
2 20 19 10 7
6 2 15 29 12
1 23 8 19 5
12 1 26 11 15
29 11 0 3 16
11 25 2 12 18
16 2 22 14 11
3 0 10 24 15
8 14 23 18 28
24 0 13 18 14
26 6 8 19 1
8 26 14 22 15
21 17 0 13 22
28 16 19 21 13
16 6 18 14 17
16 25 22 2 20
17 8 1 6 27
8 21 0 15 9
8 12 0 10 25
8 12 28 5 22
2 20 21 9 16
6 17 20 27 7
10 8 0 3 9
12 5 2 0 26
24 25 8 29 9
7 8 17 19 28
12 11 19 0 17
5 21 16 3 20
16 22 25 0 6
7 28 11 14 29
19 16 0 12 17
23 18 14 27 1
9 3 12 8 21
25 21 22 12 19
24 19 11 3 13
7 22 9 4 19
23 18 20 17 27
21 0 23 25 18
24 15 11 18 16
8 24 19 22 16
29 4 23 22 19
8 28 7 3 6
10 2 19 26 25
22 29 5 12 6
8 14 1 26 16
10 24 18 12 14
14 5 21 9 28
0 8 2 22 27
7 24 29 9 16
9 24 15 20 26
11 1 0 9 7
13 29 15 1 12
21 14 17 11 22
10 23 15 27 24
11 3 5 20 9
10 0 9 2 22
28 13 14 19 0
4 13 28 19 7
16 27 15 21 25
26 3 18 2 6
16 10 17 15 19
7 5 19 3 27
0 8 17 6 26
17 24 9 29 15
20 28 23 2 6
5 29 25 8 6
21 2 19 11 18
7 8 26 24 16
3 16 13 8 14
27 5 14 7 15
7 19 25 16 21
3 26 2 20 1
19 18 29 14 3
8 21 12 16 6
4 26 23 24 25
17 28 3 5 25
20 19 21 1 12
0 3 22 26 19
20 2 1 18 14
11 13 24 15 23
5 29 1 6 19
12 19 4 14 11
17 26 4 24 13
20 21 23 13 15
24 5 1 10 25
26 4 16 25 12
28 27 13 16 2
6 29 21 18 13
27 8 10 24 18
5 15 11 12 0
5 12 7 23 17
22 13 15 14 0
4 18 27 12 0
0 22 10 29 2
23 9 21 18 22
14 21 20 7 23
27 19 23 18 28
23 10 4 7 17
4 21 15 8 25
22 0 16 14 17
2 14 20 13 15
24 21 17 3 14
12 21 25 9 17
15 20 3 13 0
21 12 14 15 10
13 10 19 11 1
9 26 29 19 20
21 5 19 20 23
23 11 17 18 25
23 24 3 0 1
23 28 2 9 13
18 5 11 16 25
4 18 8 9 17
6 22 9 8 14
22 24 28 12 5
18 20 1 21 5
18 19 16 3 7
14 5 21 22 0
29 28 10 0 22
29 25 17 0 1
0 2 23 12 11
0 3 10 17 22
13 24 18 10 2
0 10 19 7 21
22 29 25 24 16
26 6 2 14 19
8 29 28 2 25
17 14 18 22 7
27 21 4 13 15
28 29 15 27 13
1 10 5 14 29
27 9 8 20 25
21 15 0 9 14
10 2 16 17 14
27 3 17 14 1
13 29 11 2 10
23 19 2 24 4
27 6 20 15 25
9 2 7 1 5
9 21 15 17 4
4 22 7 9 18
0 15 3 7 23
26 10 25 3 17
4 5 23 9 8
21 24 8 6 15
28 29 10 27 15
4 7 18 25 0
11 5 27 9 14
22 5 8 0 1
26 8 19 24 0
26 19 8 16 6
13 28 23 9 1
20 10 8 19 27
17 26 3 11 14
4 12 17 5 6
20 23 24 14 5
3 29 19 1 23
22 16 11 27 18
4 25 7 23 13
19 6 21 11 16
29 2 12 22 18
15 20 12 5 21
29 4 28 5 21
2 28 18 29 27
19 12 24 8 27
17 3 0 15 21
22 13 17 10 2
3 7 16 18 14
27 11 16 26 8
8 18 25 28 19
21 7 23 1 2
24 29 11 7 16
24 14 27 18 29
1 9 15 21 14
11 26 6 17 18
27 2 11 22 0
19 7 8 23 11
17 22 23 9 16
15 27 26 22 19
19 5 18 25 10
2 27 8 7 15
1 19 4 20 2
27 20 3 5 19
29 8 23 26 10
21 8 7 13 11
23 0 27 15 19
7 12 27 16 15
17 24 23 9 8
1 6 26 28 25
4 8 18 15 0
18 19 25 8 16
9 28 22 0 16
9 27 18 24 22
22 8 1 24 20
23 19 29 4 12
7 8 21 10 2
20 12 26 6 15
6 14 23 17 9
6 19 9 10 28
18 25 0 29 14
18 20 11 19 2
29 19 16 6 1
4 26 17 2 5
24 14 2 10 13
23 17 5 19 24
28 1 18 9 29
14 7 17 24 11
13 19 0 28 11
12 16 0 1 15
7 14 12 9 2
25 29 6 15 19
11 24 12 10 17
10 24 22 16 15
20 19 2 18 27
3 6 1 4 15
11 25 27 17 2
25 24 6 26 23
22 2 19 18 16
13 28 9 7 12
22 14 4 12 11
21 24 23 27 26
0 1 26 16 15
3 17 23 25 12
13 10 29 26 20
8 29 18 7 27
26 12 4 6 27
4 6 3 17 10
21 29 20 6 13
20 17 7 3 0
17 14 24 18 29
6 23 14 2 7
10 13 15 23 22
14 12 7 4 23
12 4 15 8 20
22 20 28 16 23
22 11 9 16 5
9 18 7 23 8
0 25 11 23 24
7 1 27 2 6
12 8 10 11 19
28 13 10 3 18
26 14 3 10 15
5 2 10 11 3
29 21 0 26 1
6 16 23 11 19
25 21 27 7 29
21 3 8 10 16
11 27 5 19 4
7 11 17 29 10
5 20 19 17 24
9 28 12 20 10
21 0 5 20 14
20 13 6 28 26
8 21 27 28 12
17 6 23 9 0
24 20 11 10 12
29 19 3 27 26
16 21 12 1 3
1 7 27 26 6
15 20 23 5 25
2 25 15 19 16
27 1 6 26 23
9 16 29 14 22
22 18 20 28 21
23 24 11 2 14
17 15 4 29 9
8 15 9 11 4
7 13 21 20 24
3 1 20 17 16
21 17 15 16 27
9 6 1 26 27
1 25 18 22 27
24 27 25 28 5
6 14 4 5 22
13 20 1 3 5
4 3 26 10 7
27 19 16 24 22
13 22 3 8 12
7 20 22 12 3
12 13 18 0 16
1 16 12 3 7
6 18 25 19 10
24 15 20 17 4
23 0 2 18 1
10 20 6 22 24
10 23 16 25 6
22 9 20 29 5
9 25 10 24 28
8 26 0 10 25
7 8 23 10 3
5 27 16 20 3
2 0 27 20 5
14 23 9 13 19
20 27 24 28 3
16 14 28 25 17
29 24 19 6 11
17 13 18 29 9
7 18 25 1 22
10 26 12 2 1
10 25 22 17 27
9 5 19 25 2
15 2 1 14 28
10 20 14 7 27
0 23 4 5 16
27 23 22 24 17
11 4 22 12 20
0 14 6 18 15
20 5 16 29 28
12 6 29 28 2
7 1 19 6 8
6 27 2 5 20
18 8 29 26 15
18 13 22 25 20
19 2 15 3 17
