10 18 2 5 11
5 22 15 8 20
25 7 6 29 18
13 24 23 5 21
0 5 25 26 12
25 4 19 9 24
9 8 3 14 18
15 10 26 21 3
13 0 16 19 17
13 1 29 12 10
15 28 7 11 19
17 27 9 1 5
6 3 17 2 24
14 27 10 20 6
11 0 27 24 29
16 28 26 8 23
21 4 0 2 28
19 22 14 29 23
25 16 22 1 11
23 4 10 7 17
20 24 12 7 16
27 15 4 18 16
2 20 26 9 29
3 28 13 27 22
21 22 9 12 6
3 0 23 20 1
26 4 14 13 11
12 19 2 8 27
18 19 21 26 1
2 24 1 15 14
8 21 29 11 17
16 4 5 3 29
17 25 28 18 20
4 28 1 6 8
10 0 7 9 22
21 7 25 27 14
15 13 25 23 6
9 23 12 11 3
14 5 17 28 12
18 24 17 26 22
8 13 7 2 25
8 10 24 29 28
5 6 10 19 16
18 0 13 15 9
20 4 11 19 13
21 16 20 9 2
26 27 7 1 6
23 12 18 27 2
7 5 19 25 3
17 15 4 12 22
0 6 11 14 8
4 9 28 29 15
22 2 25 10 8
14 5 7 2 16
10 11 28 8 24
12 25 7 20 5
24 19 20 7 25
9 15 25 1 10
8 12 20 13 16
15 18 7 22 19
10 7 15 3 25
5 28 11 14 23
16 6 15 0 5
24 4 10 19 22
13 19 24 18 25
19 7 4 14 21
15 2 10 16 12
9 1 6 4 5
2 3 22 26 21
11 9 2 5 20
1 29 15 3 16
19 8 4 18 15
17 18 5 26 19
25 3 11 28 18
18 26 28 25 4
16 23 18 0 1
4 12 27 0 13
13 8 14 29 11
9 4 29 2 20
15 19 27 23 20
26 5 14 19 21
2 23 4 24 9
10 16 27 19 6
1 6 20 8 21
12 8 18 6 3
7 27 29 5 4
0 16 7 20 22
7 12 5 16 21
7 5 20 17 2
2 18 23 10 15
18 8 28 24 12
28 15 4 10 27
9 25 7 2 12
26 24 5 18 17
27 25 15 17 3
3 21 16 27 0
16 4 5 29 26
5 22 11 10 4
4 22 7 13 15
23 15 8 18 20
25 8 18 22 26
10 23 25 16 3
29 21 2 11 20
23 28 0 25 19
11 27 19 15 21
25 2 6 16 28
5 20 18 22 4
23 15 19 2 7
14 29 3 15 19
1 23 29 11 21
0 22 7 12 27
7 9 22 1 0
16 17 26 12 13
14 15 9 16 21
5 13 3 29 14
14 18 12 27 26
25 22 20 8 27
27 6 11 10 3
7 10 26 22 13
26 25 14 11 27
28 21 20 27 8
18 16 17 9 8
23 1 27 17 10
27 2 12 7 17
4 18 13 27 25
23 16 20 17 3
25 3 5 14 12
13 14 27 15 1
0 19 13 23 24
21 28 25 14 12
10 2 4 24 22
17 9 7 8 14
0 23 26 9 6
24 0 18 13 2
10 16 11 6 22
16 29 18 4 8
16 10 3 23 5
11 7 13 28 3
18 15 9 12 5
7 23 4 24 2
10 14 7 24 6
18 19 26 23 2
11 19 7 29 4
23 10 4 1 17
13 22 17 29 1
3 17 7 12 4
29 25 20 27 10
29 20 17 13 12
11 25 29 28 8
20 25 23 27 12
28 9 11 15 10
24 16 27 14 28
15 3 6 24 2
8 17 12 11 27
0 9 29 26 2
19 29 27 0 25
29 7 22 0 3
27 3 21 12 15
5 10 2 3 8
2 26 23 24 3
27 10 24 8 17
6 20 22 1 24
16 1 19 21 12
26 22 10 12 29
21 29 27 4 20
20 1 16 27 21
3 27 25 18 9
16 7 0 6 3
9 28 19 3 1
17 29 12 13 9
2 6 3 12 9
24 23 3 26 4
28 9 3 16 24
9 25 13 3 1
11 17 25 18 27
1 13 25 22 2
26 3 2 12 19
7 1 2 29 11
19 13 14 11 24
14 23 10 11 20
10 2 29 1 16
26 8 7 10 0
29 21 4 17 25
5 26 27 28 12
6 12 17 28 1
8 6 11 1 7
8 16 29 20 19
20 13 4 28 11
23 17 15 22 7
13 0 22 2 29
21 6 4 26 17
0 16 22 5 3
8 26 23 18 27
16 10 11 23 7
0 4 3 18 20
20 27 18 12 16
11 13 3 12 24
15 17 2 21 20
29 19 9 24 12
25 7 10 0 24
23 19 6 7 28
17 15 1 16 11
3 21 0 6 26
16 11 25 12 23
9 25 11 18 8
2 25 12 26 4
7 4 28 14 13
24 6 10 26 18
6 15 3 20 29
21 1 23 6 29
21 8 23 9 15
29 0 24 19 11
1 12 15 29 7
19 9 21 10 24
8 16 15 18 23
4 21 6 28 19
15 18 5 24 1
6 11 14 0 12
28 21 26 20 0
24 11 14 29 8
10 25 17 29 20
22 27 26 18 15
14 13 6 19 11
26 27 10 8 23
10 29 20 24 12
20 17 10 6 23
27 2 16 18 21
4 23 9 11 18
10 6 5 21 15
23 1 3 29 9
8 28 16 10 21
19 5 18 17 6
7 3 15 11 4
14 23 18 25 10
23 28 0 22 27
18 11 10 2 23
7 19 27 17 22
1 6 23 17 25
4 27 10 3 12
24 7 26 25 1
20 0 15 16 19
3 8 21 19 16
21 5 9 12 20
22 23 26 13 17
4 18 0 15 17
24 0 19 1 9
1 24 21 17 18
6 18 3 28 26
21 13 14 18 6
9 10 19 14 15
17 0 15 14 10
1 15 6 3 0
13 10 28 7 15
26 6 28 22 10
21 29 6 24 8
24 10 0 12 18
22 26 11 28 8
19 16 20 3 6
13 18 25 12 8
8 23 16 25 2
26 12 1 19 8
5 10 29 19 12
16 19 22 28 5
25 13 21 27 14
6 14 12 0 18
24 2 14 11 16
22 9 17 25 20
6 22 10 2 26
24 23 26 14 15
14 5 8 21 12
10 19 27 25 21
0 12 22 14 13
25 12 23 4 24
6 20 7 25 1
12 25 18 13 20
24 10 22 7 23
29 21 19 10 15
21 0 11 7 16
11 5 3 0 8
15 0 14 28 8
23 29 28 27 26
5 29 14 28 26
16 4 17 7 26
14 27 24 20 23
7 1 13 4 3
19 2 17 3 13
22 19 17 8 1
20 28 18 13 7
2 20 3 1 11
25 11 24 29 27
20 26 0 4 22
12 2 8 21 27
12 8 20 0 11
18 13 20 12 0
27 12 9 22 5
10 9 28 23 7
21 23 16 14 15
9 22 6 25 14
2 24 8 6 23
11 5 29 16 15
12 10 7 1 3
6 29 15 14 19
4 9 21 18 13
1 24 7 22 8
5 21 7 24 17
22 9 27 21 0
10 25 9 27 24
14 5 12 23 26
29 19 8 3 18
28 13 25 29 5
5 3 15 1 4
19 17 13 10 12
16 14 29 6 2
8 2 22 21 25
20 1 25 6 24
22 16 28 4 3
11 13 24 10 25
21 5 10 9 11
9 23 18 5 26
29 15 21 1 9
19 14 11 18 8
6 23 29 27 13
14 18 2 7 23
11 4 7 26 29
1 21 7 18 17
13 25 29 3 9
6 1 29 13 11
27 7 10 26 28
23 15 27 24 1
14 3 8 18 23
9 29 3 26 16
3 5 16 6 25
3 14 13 6 10
9 19 27 10 23
8 25 7 16 10
28 21 2 16 25
14 9 28 27 16
28 0 26 25 9
26 1 27 14 29
29 24 20 7 25
8 13 11 26 22
19 25 29 20 8
8 4 16 5 1
24 11 8 15 16
18 28 19 11 12
15 23 14 7 25
29 14 11 13 15
5 3 18 4 17
19 20 29 22 2
12 19 4 22 24
13 0 22 10 4
8 4 20 3 0
11 22 3 17 26
14 20 28 11 4
7 19 24 21 26
22 15 13 2 25
3 19 17 20 9
15 29 18 8 5
26 27 4 1 24
7 17 22 16 4
16 23 1 17 11
12 17 29 5 0
2 1 18 3 9
15 4 28 19 2
28 2 25 23 13
5 14 17 0 7
6 0 13 14 12
20 1 6 24 5
25 0 16 9 20
12 21 9 11 29
27 3 21 15 25
17 4 24 5 8
9 20 28 16 2
3 13 22 2 19
8 28 29 18 25
21 19 15 11 3
26 4 5 16 6
4 22 21 15 19
29 0 8 4 21
25 7 17 14 27
15 0 26 28 10
25 1 21 11 3
1 3 13 6 25
25 29 26 15 13
8 3 28 27 4
24 27 18 1 26
17 5 28 23 9
4 17 14 21 22
15 8 1 18 22
20 1 2 14 24
4 20 8 27 0
29 21 16 0 18
22 21 13 14 20
10 25 4 17 16
10 0 23 9 16
19 18 24 13 6
24 0 23 28 21
18 7 17 11 9
2 25 14 7 17
11 17 3 5 29
10 28 27 18 24
23 13 20 21 11
28 13 25 4 21
28 20 22 24 12
23 11 3 5 16
0 18 8 29 17
9 21 18 3 23
0 18 5 28 21
14 15 25 7 24
18 27 4 22 5
0 18 21 19 2
15 9 13 8 23
2 20 10 21 24
20 3 6 11 19
29 18 14 0 3
16 15 26 9 4
27 26 14 3 7
12 10 29 1 24
23 26 20 1 19
15 0 2 24 1
15 3 24 29 5
11 2 20 8 12
4 19 18 29 20
19 1 4 22 10
17 20 28 3 26
11 10 9 28 16
22 14 15 26 13
5 19 25 7 20
28 13 1 3 26
13 16 26 8 12
6 22 1 15 17
24 10 28 5 26
21 25 3 16 26
8 27 18 13 5
7 3 6 26 9
9 18 14 10 8
25 7 27 23 24
23 3 18 16 29
18 13 29 2 7
21 11 15 27 28
17 12 1 20 5
22 9 28 21 15
4 12 10 26 27
15 20 16 13 28
27 19 24 28 20
19 17 26 2 8
0 9 1 18 11
2 9 23 24 15
4 15 28 16 27
3 12 15 29 5
21 2 9 24 17
22 24 12 5 18
29 26 1 25 20
5 6 22 13 18
6 5 28 12 10
17 4 7 29 6
17 1 15 25 7
13 2 3 6 11
2 24 22 7 27
8 25 7 27 1
10 13 22 12 7
19 0 6 9 10
7 17 11 8 2
6 2 24 26 0
12 13 23 27 28
23 29 17 7 22
21 28 14 13 22
17 8 23 14 0
13 15 7 17 24
17 8 4 21 15
28 27 1 0 21
22 24 21 8 16
14 5 4 9 15
29 1 28 10 13
28 14 2 0 12
26 7 23 12 21
15 14 2 11 0
29 28 27 20 3
25 1 24 28 10
13 25 18 20 8
8 6 17 12 7
6 15 8 10 19
20 3 16 7 2
18 5 1 20 0
14 5 10 15 7
0 2 17 21 23
4 24 10 20 6
7 19 21 3 16
4 26 3 12 23
25 14 12 19 22
21 18 3 4 23
6 17 16 27 14
25 9 3 24 28
22 7 5 27 10
18 4 12 19 0
10 27 21 0 6
18 6 14 23 15
13 2 20 25 15
7 8 24 29 4
21 14 1 0 3
26 13 11 29 23
19 8 29 15 11
17 18 10 13 11
22 24 1 2 13
24 4 7 10 29
18 20 7 6 25
24 3 22 17 12
0 18 15 2 19
15 18 28 25 13
24 22 3 20 7
29 28 10 3 2
12 15 0 6 28
24 9 0 6 28
1 2 16 8 25
28 9 1 25 20
24 26 18 7 9
24 14 6 22 3
7 20 18 25 27
11 28 3 10 14
26 15 17 22 20
0 28 19 24 26
11 23 0 2 15
6 13 1 26 10
4 22 8 15 1
0 16 26 10 9
15 16 22 27 10
14 17 18 25 11
28 22 14 25 5
7 6 21 29 19
6 27 17 24 13
24 7 19 2 8
16 18 28 11 10
28 16 14 1 11
2 24 5 12 11
3 7 16 14 8
8 9 24 6 22
24 6 25 4 15
17 3 24 0 26
6 25 19 13 18
12 23 28 10 18
18 15 1 2 7
20 14 27 22 23
8 19 29 24 12
27 6 24 28 3
15 17 11 2 14
13 11 22 20 10
14 4 3 28 26
9 6 2 26 3
28 27 5 13 8
0 4 25 19 9
0 25 17 22 12
12 2 27 21 26
12 6 14 23 2
8 25 3 29 9
17 0 15 14 5
14 6 21 25 7
3 16 2 15 24
12 26 6 5 22
4 1 7 29 3
8 19 13 1 12
11 14 29 20 10
7 11 28 2 3
0 3 25 8 21
21 9 16 11 18
10 27 9 6 25
13 28 17 10 4
11 14 2 25 23
3 27 18 10 19
8 4 7 13 29
26 8 4 7 16
3 15 9 5 12
16 5 14 15 25
11 27 13 10 7
29 12 8 24 17
15 23 9 11 18
24 27 22 28 12
17 26 6 1 20
6 0 28 20 13
1 22 13 7 6
9 1 26 28 20
28 10 16 23 6
6 26 17 11 9
1 3 0 13 23
20 18 0 8 21
25 13 18 6 2
23 17 15 5 22
22 4 14 10 20
16 19 7 10 11
6 10 9 17 20
4 26 16 17 12
14 28 5 24 13
26 15 1 29 4
2 4 20 17 29
3 19 15 13 29
21 3 26 14 4
10 18 28 20 25
4 25 13 9 21
4 24 10 19 11
15 3 25 24 1
9 21 20 2 13
27 13 23 19 25
10 24 25 8 22
26 4 10 24 25
20 10 23 29 18
11 0 16 12 3
15 26 25 4 0
28 26 6 21 13
26 23 21 13 28
13 24 2 4 18
13 4 3 1 25
5 24 6 2 4
11 19 26 20 0
9 5 12 0 15
1 3 4 6 17
9 29 8 11 25
7 9 28 14 27
11 21 8 18 0
12 4 10 8 29
23 26 4 20 11
20 14 5 10 7
24 29 0 9 2
8 5 23 10 12
25 7 20 9 21
2 18 10 19 12
2 1 20 15 17
28 1 4 10 11
29 18 17 10 28
18 2 20 0 17
9 6 1 3 0
25 22 29 12 28
22 13 10 21 7
14 19 0 18 3
6 8 29 25 22
13 21 27 14 24
0 9 5 12 18
28 29 25 12 24
21 14 26 0 16
19 17 28 23 11
10 11 21 27 12
10 25 17 8 5
10 2 22 7 27
23 0 14 16 27
7 4 2 18 25
28 20 23 11 26
4 10 27 22 19
19 18 22 9 16
25 12 10 15 29
21 17 22 11 26
25 3 7 15 28
27 23 17 29 24
13 1 18 5 0
13 27 28 1 14
26 21 22 14 19
20 23 7 24 28
29 16 21 2 14
19 7 11 6 16
21 28 27 13 7
8 13 27 19 2
6 0 16 24 21
18 24 1 21 25
12 9 17 29 7
9 24 10 19 14
16 13 12 9 3
27 0 14 11 28
29 13 9 14 24
26 21 22 5 16
3 15 27 4 13
28 20 10 16 22
3 18 14 26 9
5 24 20 15 9
27 10 18 1 29
1 12 15 16 2
14 9 11 10 17
20 26 22 11 2
29 17 15 4 16
19 10 20 28 3
6 1 28 9 21
26 19 20 13 18
24 6 12 17 3
17 25 29 16 11
25 2 1 0 11
10 19 14 17 24
9 5 4 26 18
13 20 6 28 2
29 13 6 9 24
25 21 2 3 20
0 19 17 16 7
5 1 10 19 9
4 26 8 11 6
22 5 28 7 23
25 12 0 3 15
24 29 21 27 28
26 15 27 24 20
14 7 19 27 22
4 16 20 17 25
28 9 15 20 19
25 2 13 22 0
13 29 15 28 24
17 7 2 5 24
26 12 21 25 5
13 5 24 6 14
15 27 20 1 19
21 16 2 12 29
3 27 2 16 7
5 16 0 7 19
20 21 23 15 22
3 15 28 5 13
2 13 15 27 3
18 7 0 4 17
21 7 4 2 23
22 23 4 27 10
1 5 11 12 13
16 14 27 6 22
9 26 12 2 19
13 17 21 5 11
0 24 6 23 28
28 20 0 16 23
19 10 7 20 2
12 2 15 6 29
23 8 19 1 5
26 15 11 1 12
3 29 11 0 16
18 11 12 2 25
14 2 16 22 11
24 3 0 15 10
8 28 18 23 14
24 0 18 14 13
19 26 8 1 6
14 8 15 26 22
21 22 0 17 13
16 19 13 28 21
6 18 17 14 16
20 2 22 16 25
1 8 6 17 27
0 15 21 8 9
0 12 8 10 25
28 8 5 22 12
17 27 20 6 7
9 3 8 0 10
0 5 2 26 12
25 8 9 29 24
19 7 17 8 28
19 11 12 17 0
3 16 21 20 5
6 25 0 16 22
29 11 28 7 14
16 0 17 12 19
18 14 23 1 27
3 9 12 8 21
21 22 12 25 19
13 24 19 3 11
4 22 19 9 7
27 17 23 18 20
0 18 25 23 21
11 24 16 15 18
24 8 19 16 22
4 22 29 19 23
7 28 6 8 3
25 19 26 10 2
6 29 12 22 5
1 26 8 14 16
14 24 10 12 18
21 14 28 5 9
0 2 22 27 8
29 9 7 24 16
9 15 26 20 24
1 11 0 7 9
13 29 1 15 12
17 22 11 21 14
23 24 27 10 15
11 5 3 9 20
22 0 9 10 2
28 19 13 14 0
4 28 19 13 7
27 15 16 25 21
3 26 6 18 2
10 16 15 19 17
27 5 19 7 3
6 17 26 8 0
9 24 17 29 15
28 2 20 6 23
6 25 8 5 29
19 11 18 2 21
26 16 7 8 24
3 14 13 8 16
27 5 14 7 15
7 19 25 16 21
26 20 3 1 2
14 19 29 3 18
16 21 8 12 6
26 23 24 25 4
25 5 28 17 3
1 20 21 12 19
22 0 3 19 26
18 1 2 14 20
23 24 15 11 13
19 29 1 5 6
14 4 11 12 19
4 26 13 17 24
13 23 20 15 21
10 24 25 5 1
16 25 4 26 12
27 28 16 2 13
18 13 21 29 6
27 24 10 8 18
15 12 11 0 5
5 7 23 17 12
0 13 14 15 22
12 27 18 4 0
0 10 22 2 29
18 23 22 21 9
23 14 7 20 21
19 28 27 18 23
15 8 21 25 4
22 17 0 14 16
15 20 13 14 2
3 17 14 21 24
25 12 9 17 21
20 15 0 3 13
12 10 15 21 14
19 10 13 11 1
26 29 20 9 19
21 20 5 23 19
25 11 18 17 23
24 1 23 0 3
9 28 13 23 2
5 25 11 16 18
4 17 8 9 18
22 8 14 6 9
5 12 28 24 22
20 21 5 1 18
18 19 3 16 7
5 14 21 22 0
22 0 29 10 28
29 17 25 0 1
23 2 11 12 0
22 17 3 10 0
13 24 18 10 2
19 7 0 10 21
25 29 16 22 24
2 19 26 6 14
25 28 29 8 2
14 22 17 7 18
21 13 4 27 15
13 29 15 28 27
14 1 29 5 10
27 8 9 25 20
14 15 9 0 21
17 2 16 10 14
1 17 3 27 14
11 10 13 2 29
23 4 2 19 24
27 20 25 15 6
1 2 7 9 5
21 9 15 17 4
4 7 18 22 9
15 7 23 0 3
25 26 10 3 17
8 4 9 5 23
6 8 21 24 15
15 29 10 27 28
25 4 7 18 0
14 5 9 27 11
5 8 22 0 1
0 26 24 19 8
19 6 16 26 8
1 28 13 9 23
8 20 19 27 10
26 17 3 11 14
17 4 6 12 5
24 14 5 23 20
23 1 29 3 19
11 16 27 22 18
13 25 23 7 4
6 11 19 21 16
12 18 29 22 2
15 20 21 5 12
5 29 28 4 21
2 29 18 28 27
24 12 8 27 19
17 15 21 0 3
10 13 22 17 2
16 7 18 3 14
8 16 27 26 11
8 25 18 19 28
7 21 1 23 2
16 29 11 24 7
29 27 24 18 14
9 21 15 1 14
26 18 6 11 17
22 2 0 11 27
19 7 11 8 23
17 9 22 23 16
22 26 15 27 19
18 25 5 10 19
7 27 15 8 2
19 20 1 2 4
5 27 19 3 20
8 29 26 23 10
13 11 7 8 21
15 23 0 19 27
12 16 27 15 7
23 17 8 24 9
28 1 26 25 6
15 18 4 0 8
25 19 8 18 16
0 16 9 28 22
9 18 27 24 22
1 20 22 24 8
12 4 29 23 19
7 21 8 2 10
20 15 6 12 26
9 14 6 23 17
19 28 10 6 9
29 25 18 14 0
11 2 19 18 20
6 29 19 1 16
2 4 5 26 17
14 13 10 2 24
19 5 23 17 24
18 9 29 1 28
24 14 11 17 7
13 19 0 28 11
0 16 1 12 15
12 2 14 7 9
25 6 15 19 29
24 12 11 10 17
24 16 10 15 22
19 2 20 27 18
15 4 1 6 3
2 17 27 11 25
24 23 25 6 26
22 2 16 18 19
12 28 9 13 7
4 12 14 22 11
21 26 24 23 27
0 26 15 16 1
25 3 12 23 17
20 13 10 29 26
7 18 27 29 8
26 6 27 12 4
17 10 4 3 6
29 13 6 21 20
17 20 7 0 3
14 18 29 24 17
6 7 14 2 23
10 23 13 22 15
23 4 7 14 12
4 12 20 8 15
23 16 20 28 22
16 22 9 5 11
18 9 7 23 8
11 25 23 24 0
1 2 7 6 27
10 8 19 12 11
18 13 3 10 28
14 10 3 15 26
2 10 3 5 11
1 26 21 29 0
16 19 6 11 23
27 29 7 21 25
8 3 21 16 10
27 5 4 19 11
17 29 7 10 11
17 20 24 19 5
10 12 28 9 20
0 21 20 5 14
6 20 28 26 13
28 12 27 21 8
23 0 9 17 6
11 12 10 20 24
19 27 26 29 3
16 3 12 21 1
5 23 15 20 25
15 25 2 16 19
6 23 27 26 1
14 29 16 22 9
20 18 28 22 21
14 24 2 11 23
9 17 15 29 4
8 4 15 11 9
24 21 20 7 13
16 3 17 20 1
16 17 27 15 21
9 27 26 6 1
1 25 22 18 27
25 24 27 28 5
14 5 4 6 22
3 13 5 1 20
3 26 4 7 10
27 22 19 24 16
8 3 22 12 13
3 12 7 22 20
13 0 12 18 16
7 3 16 12 1
18 6 25 10 19
17 24 4 15 20
2 0 23 18 1
10 6 22 24 20
25 6 16 10 23
